,country,lastpage,hr1,hr2,gender,expertise1,expertise2,expertise3,expertise4,finance1,foi1,foi2,foi3,foi4,foi5[not_aware],foi5[not_covered],foi5[too_expensive],foi5[too_time_consuming],foi5[afraid_of_data_destruction],foi5[other],foi5[dont_know],foi5[prefer_not_to_say],foi5other,protectops1[sectraining],protectops1[e2e],protectops2,protectops3[encrypted_email],protectops3[vpn],protectops3[tor],protectops3[e2e_chat],protectops3[encrypted_hardware],protectops3[2fa],protectops3[other],protectops3other,protectops4,protectleg1,protectleg2,protectleg2no,protectleg3[free_counsel],protectleg3[cost_insurance],protectleg3[other],protectleg3other,constraintinter1,constraintinter2,constraintinter4[police_search],constraintinter4[seizure],constraintinter4[extortion],constraintinter4[violent_threat],constraintinter4[inspection_during_travel],constraintinter4[detention],constraintinter4[surveillance_signalling],constraintinter4[online_harassment],constraintinter4[entry_on_deny_lists],constraintinter4[exclusion_from_events],constraintinter4[public_defamation],constraintinter5[unsolicited_information],constraintinter5[invitations],constraintinter5[other],constraintinter5other,constraintinter6[gender],constraintinter6[political],constraintinter6[religious],constraintinter6[other],constraintinter6other,attitude1,attitude2,attitude3[rule_of_law],attitude3[civil_liberties],attitude3[effectiveness_of_intel],attitude3[legitimacy_of_intel],attitude3[trust_in_intel],attitude3[critique_of_intel],attitude3[prefer_not_to_say],attitude4[1],attitude4[2],attitude4[3],attitude4[4],attitude4[5],attitude4[6],attitude5[1],attitude5[2],attitude5[3],attitude5[4],attitude5[5],attitude5[6],attitude6[1],attitude6[2],attitude6[3],attitude6[4],attitude6[5],attitude6[6],surveytype
country,11.882665309453024,-0.4669766766285148,0.9959004976703799,1.8010640980764065,-0.07701239376064713,2.121171577173865,-0.9355740483629424,1.8080157512523762,0.554280816734863,1.221956992548383,-0.8215180489227031,0.20973873819792202,0.18516591241137642,0.29615861662517107,0.5038922453944388,-1.057671453824592,-0.3226753522213719,-0.15656596122328068,-0.008165205172238553,0.574192362774471,-0.008165205172238553,1.1627814067817703,-0.2408935237290463,-0.14749175449356766,0.06840719868870397,2.927393865304803,1.0089704758189069,1.111868357747055,0.8367822820620879,1.2931020976672123,0.358504902168626,0.14061872985467963,0.18080142349823108,0.5625084245887438,0.3501902113521524,1.7274852649007109,0.22837482724743227,0.23823134304432508,0.48519641339084996,1.0844789254157243,0.35824159490441027,-inf,0.36336153258443266,0.6118978181633802,0.5275233492395791,0.5275233492395791,0.4718982564204871,0.4679824045247247,0.9291077724553428,0.5275233492395791,1.393208782166966,0.31544321760067795,0.7921763659256624,0.2129883972053486,0.9291307388080132,-0.45543828437832196,-0.25963407553818046,1.0432781097134523,,-0.09241947463884177,-0.021359910110121737,-0.09241947463884177,0.1358946107943515,-inf,1.7252352946004408,2.372778753726878,1.4148424893628597,-0.20642365845043492,1.1050194425047137,-0.22781124069278202,-0.41112490134410745,-0.9927896407289386,-0.3226753522213719,-0.4988950499469302,2.0748849766248445,-0.050335571923958135,1.2358267168974986,-0.36187318992333506,-0.14089598659053057,2.8863363417325987,1.5188424621440344,2.8789788977539432,0.9303498806503986,0.7720334847529655,0.32016480048241297,2.297985212942042,0.013118134372429356,0.2562091892977529,-1.115653018193297,-1.1230771014370036,1.1219458159143798,-0.3625521023081812
lastpage,-0.4669766766285148,9.78924151791157,-2.5836765281908014,-2.127096880077362,4.4243558505588085,-1.9198380077503636,-0.5790447912892768,-0.4642690940871084,-0.4752335323624236,-0.6766117698024982,-1.094022890650016,0.9125711272173656,0.8214190711590347,-0.17860383033117797,-1.900347503429248,0.22644986189214197,-0.08952264082605116,0.5720695620780317,0.1431056706921047,1.5994676744240368,-1.900347503429248,-1.9731813817520565,-2.6760645025541367,-1.1564961199795762,-2.07483212442692,0.7492312861097227,-0.6389629984892851,-0.8091813643059195,0.3242519474724439,0.10247842598761321,0.5135980757400469,-2.291136488053369,-0.37586836988606487,1.0327672528001652,-2.108391858165788,-1.5719075756549243,-0.6402652112634974,-1.532201018299683,-0.22255177892688516,-0.38064663499386625,0.9977476457280446,,2.3950330564596314,0.2495248699592414,-0.5073168514637845,-0.5073168514637845,-0.2769914503199299,-0.29643499358216424,-2.127168194362499,-0.5073168514637845,-0.2950634859911466,-0.1554820052504496,-0.3156819684145789,-1.0485681702216079,-0.4463791686610824,-0.5670680634605397,-0.08337725748469509,1.4297014964290224,,-0.47758516935861073,-2.3949239088070815,-0.47758516935861073,-0.4307573035306959,,-0.25743341970878686,-0.4887828375130183,4.632351700750775,4.7166562226249,-0.8228800098572284,0.768159992083452,-0.8228800098572284,3.1037131493054555,-2.540545370156758,0.7932131469100394,2.003319279680898,0.2033527998194805,0.8381498489523349,0.8150743026065255,1.3406409442884215,0.2189351382057734,-0.15676094137982025,-0.0009278983709343659,-0.36781398182404684,0.19652150258018047,1.224819713304917,-0.5162058057021496,0.3182443223938688,-0.9923535988236815,1.332732081349718,0.711995174948115,1.1329482918236538,6.611445948084301
hr1,0.9959004976703799,-2.5836765281908014,8.891504075582963,-1.0928954549163716,-0.4346831679217152,-1.468439784605896,-0.27252817163866944,-0.2978170989973999,-0.10016565503880122,-0.5613290528835065,0.874002441528754,0.18720997998995373,-0.7029474204007248,-0.837431559763241,-2.0070203681915215,0.35732907482539167,-1.2923870059598077,0.4765341389865346,-2.0070203681915215,0.2186356089871209,-2.0070203681915215,-1.147063714494967,-1.075091761360865,-0.7106415969382545,1.3236575242043687,-1.65544505182662,-0.1948518684768949,1.623413861217887,-0.308427872805529,-0.4726762957983092,1.0551389661550608,1.920035859140655,-0.7455553724163408,0.5195845204529821,0.5745881108399541,-0.5543992687536452,-0.38403373645659944,-2.7763566062056864,0.8138902575020226,0.8118238536277216,-0.6605211167944143,-inf,-1.011127084304521,-1.0359638538612703,0.35866974982312694,0.35866974982312694,-1.640753313987637,-1.6349714883059367,-0.5116523931737265,0.35866974982312694,0.6546727963490412,-0.7804162262829073,1.131358946735767,0.8580038749642573,-0.826041112545823,-1.3432652454781573,-1.8166451290489225,-1.2729751334613466,,0.47458349962699986,-0.9023376689805878,-1.734284916304592,-1.7909879495765388,-inf,-0.00299822332299136,0.2389926847559428,0.4742471587602948,0.13502750988816933,-2.3068830943116208,1.2005173429529772,-0.90647466133382,0.6804177838359257,-1.2923870059598077,0.7494289748352354,-0.958306040282999,1.666590093778373,-0.025952383638987706,-1.2071648293123258,-0.18257471330815003,0.6965779907523187,-1.4816739818131839,0.3360905111473652,1.7066129743416596,0.15329342322338055,-0.5969178663365861,0.30385473413149267,-0.5662513512975083,1.1171695933493715,0.356598804855124,0.5427067694703758,-0.03449594353584205,1.1506410616440084
hr2,1.8010640980764065,-2.127096880077362,-1.0928954549163716,10.043269615734756,0.35003926870360547,-0.4971169336425464,0.9209955602777132,-1.1704916434270598,1.0118555722404514,0.7721391762061135,-0.41015145659527796,-0.05423900760179205,-1.0221622004584598,0.23544746839638725,-1.7043690265018114,1.1535402416854241,-0.9078548018684097,0.04614662497494772,-1.7043690265018114,-0.7268764473529945,-1.7043690265018114,-0.7735940712488935,-0.6680080284688773,-0.6013495189230866,-1.5928281454021844,1.1195512753509242,0.6769608241893348,-1.4704500317103861,0.2468239054576927,0.4512427941796352,0.20405346954216572,0.81961743739826,0.679469632979119,0.5625084245887438,-2.182707762178451,0.7874691427946472,0.308984610988592,-1.378055832231671,-0.6591116188379115,0.016243315036978817,-0.3534839320167539,-inf,0.22989693713409998,0.2915067565755067,-0.5607531941850457,-0.5607531941850457,-1.429215554359605,-0.650662333567919,-0.45079178572911444,-0.5607531941850457,0.04082144516659454,-0.5595251400065734,0.06600507228230977,0.000395625571396078,-1.4989242142753487,-0.705533033827299,-0.9750371129445484,1.1265704155473621,1.044408794872596,-1.1105383288556725,-0.43045537181831606,-1.4748084828091355,0.2517045618522644,,0.06740754185385223,-1.5634553165213132,0.577692154989907,0.1431979811393494,-0.44474336148850585,-0.7743962055629388,0.8713217617178639,-0.029098235585721985,-0.9078548018684097,0.7181567951351207,-0.21208983986337465,0.6552166734038466,0.2882230714082702,-1.3876624083601825,0.17215398696536258,-0.714137986975123,0.3601598405595368,0.8572095182259456,0.34930425490468686,0.05568305499709579,1.33646845828439,-0.5078873770717609,-0.5784783057222116,0.6963124537141905,-0.43002646428914443,0.6019586697335403,0.3182917702132719,2.2588393767368165
gender,-0.07701239376064713,4.4243558505588085,-0.4346831679217152,0.35003926870360547,11.009084753828198,0.361130777866337,-0.8418207243894311,0.10596587664392727,-0.7911884466603426,1.363493208511109,-0.8562851525145847,0.505393818169963,-0.873172775888058,-0.7691548219341274,-0.008165205172229092,3.408982406960146,-1.1100352706085537,0.4337148701503992,0.18957046558568344,2.419714360217108,-0.008165205172229092,-0.300856431286223,0.6666698152216075,-0.4805019111024078,-0.5311663459809556,-0.8814273756175593,-0.3772657048029809,0.5169012089765176,2.179632816610499,-1.2033359591469823,0.327416097024337,0.09430665218498431,-1.7045579819715961,0.5625084245887438,-0.8918546842434502,0.3116364128492272,0.695097715840867,-0.35142015506399277,-0.778973068001149,-0.8197561867774604,0.18507659829732886,,-0.30671815379786943,-0.19561352747894872,-0.8196991377552173,-0.8196991377552173,-0.9480610130309266,-0.97349810990784,-0.11506833108816748,-0.8196991377552173,-0.37149993028133615,-0.6839140677675046,-0.35937198329847275,-0.6207841557050979,-0.6536391663370423,0.024205972448041544,-0.08011571665042976,-0.24004532106612028,,1.3132869805213518,-0.37808683870146675,-0.8045658458378832,-1.5389118436088949,,-1.0666335102844589,0.4037244223305642,7.428198328537302,6.437268316532986,0.8742523192971027,3.17701498327081,0.8742523192971027,4.7328465754241975,-1.1100352706085537,0.6148074353029984,0.7456151902249909,-0.12964172033493823,-0.6207069593438903,0.4920070095188503,0.13212865456046322,-0.48909784139099827,-1.3349249253817759,0.0161436795384438,0.6332722364406247,1.2612468022633108,0.28193711897715973,-1.166435270192556,0.5352174957434258,1.7651096527103198,1.2116316603948807,0.09468821602985163,0.17053859143320796,0.4208586516838283
expertise1,2.121171577173865,-1.9198380077503636,-1.468439784605896,-0.4971169336425464,0.361130777866337,8.643097633669418,-0.12529059339297974,1.2896323505888032,-1.1319360436580017,-0.21581613952739284,-0.8387168357305328,-0.10777661922986201,-0.4729003684292518,0.30257137337656315,-1.573490834734879,0.6703757609679502,-0.863572701069093,0.45241057449294425,-1.9289753841479218,-0.5963408343146389,-1.573490834734879,-0.19046389761311355,-2.4586330159600953,-0.29472875417335864,-0.7211802394786156,-1.613542029065488,0.21484397435359087,0.3380217411334236,1.2389358418194663,0.14797729766458473,-0.4055536159610643,-0.5341765516627044,0.5965182313889789,0.39589325168876055,-0.8244666044305283,0.5872150551075482,-0.301840204537394,-3.3078021661353807,0.42360149824275134,1.7154445165134764,0.17176540228453788,-inf,0.41697711030140283,-1.3493759690642548,-0.652219472957218,-0.652219472957218,-1.7283641107954282,-1.7325728104610854,-0.6662641064113805,-0.652219472957218,-1.0583604508149431,-0.19593251711935075,-1.1968202632221203,-0.9702478947354107,-0.9539988919757211,-0.402963187787632,-0.39308821547933376,0.3175937534164822,0.998142759373202,-1.8361794033692678,-1.6817258730710691,-0.44757628860212545,0.5780904073531339,-inf,-0.10298084277841112,-0.1818548517627717,0.6217075582570918,0.8822102942037716,-0.2585032270891544,1.1406848970246444,-1.6281206347555846,1.2449694427826414,0.4275611709095872,-0.39444850978617557,1.2949547733014688,-0.7125741447431392,-0.4943296372675253,1.0798510554876333,0.28042038322998475,-1.1535255609288324,0.01633068351689221,0.15997254760996882,-0.5070247289891096,1.051674783271984,-0.09969553599829249,0.07565485014002198,0.272828311542324,0.1088351435608614,-0.3157354893982122,0.15735913584814717,0.05020759737704721,1.4678989929221316
expertise2,-0.9355740483629424,-0.5790447912892768,-0.27252817163866944,0.9209955602777132,-0.8418207243894311,-0.12529059339297974,11.961339403992268,3.6099327593256643,0.9241213630301389,-0.30039788958012303,-0.6562544570802512,0.04805774634641764,-0.7696529063324231,0.5294097726127603,-0.031265158150952745,-0.23111419179556567,-0.09383164385807315,0.9253801476573453,-0.6272863522779428,0.11005996452999214,-0.031265158150952745,-0.5335658703531032,-0.37271467450022266,0.008352468007708627,-0.9805553034180512,-0.09810516154298231,-0.5587643858333504,0.9746370785901948,0.5871318798572397,0.14174414019534823,-0.7460134204108223,0.9161554641400238,0.7738947349337176,0.743555363148216,-0.9678704615061637,1.0343080850954702,-0.8646564312565789,-2.0243361045875137,0.06858691134711616,1.2008892559581605,1.4968068855583665,,-0.2394696953117626,-0.18561231445692736,-0.3431326718384607,-0.3431326718384607,0.23341565114617382,-0.07686722031844324,0.5640082487268615,-0.3431326718384607,-0.684823600134319,-0.2768752927978508,-0.5970018091466474,-0.18371897651538005,0.03523648434758473,0.669493790156633,1.1074867366766743,0.8656088014854337,1.044408794872596,-0.6318477793257301,-0.3028104607913424,-0.6318477793257301,-0.6186124479401455,,0.8588218048827724,-0.44057376776295215,-0.06684352732939275,-0.30569838036969105,-0.41180224874669574,-1.1236588434655197,0.4224779014284333,-1.8487815009967785,-0.7163367918312726,0.5140332724727389,0.15588243621892703,0.6998828555024944,-0.623956006680686,-0.49277093623027235,1.5146845827283117,-0.37525834382867257,-0.2520591838547529,-0.8317331675835997,0.10833979151904523,-0.05711918740834011,-0.41503132995298053,0.679158460917425,0.09036419901868101,-0.07258354307992221,0.40870562735651467,-0.6852808308906481,0.3220947671108601,0.5090213485938426
expertise3,1.8080157512523762,-0.4642690940871084,-0.2978170989973999,-1.1704916434270598,0.10596587664392727,1.2896323505888032,3.6099327593256643,11.491520470147547,0.7097055387041792,0.47909202715351346,-1.2850269501842446,-0.5815301422630861,0.3554019277860922,1.4924339450654727,-0.4462125398525065,-0.5637212340646771,-1.012205912819455,0.7586942063659641,-0.7144342694135309,-0.900392802667202,-0.4462125398525065,0.04589058191659635,-0.42920875103142914,-0.6086194739207114,-1.2377926946424789,1.2150863084468206,-0.793913075817217,0.5807081727778268,-0.21597007126772133,-0.8958743634333396,-1.2669612787632079,-0.9483913355601523,0.18309144315637754,0.743555363148216,-0.2900046765115727,0.90923312337509,0.7400245926586423,-1.2099764198240353,0.11901904834422002,0.9254973886989182,1.0893676000936763,-inf,0.2711941693310869,0.11277304813003687,0.02303037925342861,0.02303037925342861,-0.6395191479926173,-0.6251228791883772,1.2479225582240523,0.02303037925342861,-0.46275794717080176,0.514691541894771,-0.7711514395337052,-0.6105690144626692,-0.6031698468142525,-0.022603163352686702,0.12307958250907133,0.6585763947037179,1.044408794872596,-0.4197959768560651,-0.3219171208529459,0.6321198209084271,0.08020468075639062,-inf,-1.5120229016400757,0.9531624503215641,0.5151638644767798,-0.035896427993933756,1.8383447918168132,-1.2972906184572506,-0.6663698110288788,0.8560664093434205,-0.29957762406283667,1.187701876308155,-0.6267966843424964,1.3031038899646417,-0.23523430155238007,1.5067395252323563,0.0069240073962889975,-0.13850694940545086,0.30958094574512973,0.6871774250378103,1.5670137215380269,0.594043890552645,1.0795172695730137,0.4482953844371492,0.10143578201459358,-0.359998023778928,-0.28004943312172453,0.29396379434752196,1.1308802517098182,1.080064743193077
expertise4,0.554280816734863,-0.4752335323624236,-0.10016565503880122,1.0118555722404514,-0.7911884466603426,-1.1319360436580017,0.9241213630301389,0.7097055387041792,11.345825963641051,2.3596310260420554,-1.4189242531919926,0.21289784557197844,-0.999583437280616,0.9848626882656076,1.265780136374067,1.3533627522890606,-0.7577090266437904,-0.14606521916265858,-0.14490571014999842,-0.4034098681792417,0.8403727010936307,0.1987113851545182,-1.6051843495528517,0.5548011474083971,-1.0261232208476887,-0.8688483614546888,-0.17400048091619477,-0.42780926803317654,0.5666206033471438,0.0193252231063884,1.2800629953038638,-0.38068366101806406,0.8740841094480072,0.743555363148216,-0.9256944796566269,-0.344849140367129,-1.042141188543981,-0.11179276707868997,0.10339260633709972,0.8486273956967423,0.5658341894928648,-inf,0.29456020375355924,0.9607371151444414,-1.0974123181810391,-1.0974123181810391,-1.360824255190268,0.3632689268744723,0.2742805596129199,-1.0974123181810391,-1.4656388069800994,-2.049525988477499,-0.8135551416278113,0.585097641442594,-1.2083981442701064,1.1295776327977565,1.013279271915396,0.5809489254840408,1.044408794872596,-1.068062742581885,-0.0467154850191135,-1.068062742581884,-0.7621624777603934,,0.4733988072251826,-0.06549439705966952,-0.17769962001072706,0.5591152719561155,0.518103407390505,-0.6959407311760653,-0.8730605945475811,-0.8310837249236093,-0.7577090266437904,-0.5876738482419999,-1.0240081558450305,-0.7430361870225656,0.2046396745303362,0.4334890965192565,1.8926741635817068,-1.849628659110922,-0.7292687946294129,0.011838453658375079,-0.07624828242961113,-0.2533241152031666,-0.7292926122358928,-1.5083877798951675,-2.1312206378429024,0.29301306434141716,0.9125364305580421,0.5255983079993051,0.7177818243667853,-0.6348491780773251
finance1,1.221956992548383,-0.6766117698024982,-0.5613290528835065,0.7721391762061135,1.363493208511109,-0.21581613952739284,-0.30039788958012303,0.47909202715351346,2.3596310260420554,11.65169742956169,-0.18283842951938004,0.5617884354498818,0.4186178096503123,0.2354474683963884,-0.9739101222056362,0.8190520689169359,-0.9211724580166801,0.8962522165787377,-0.4153632692123377,0.8626885604997856,-0.4153632692123377,0.5545748923608871,-3.2131215032078475,-0.38420099815475633,-0.48909129634076304,-0.07202779362790962,0.7916425490881482,0.13626651410238733,-0.49604226896693526,-0.10505692782491748,0.0638148056573038,-0.419667900079551,0.13557040969575795,0.5195845204529821,-1.0198238588473847,0.3114389826948603,1.030018112352002,-1.4711117207346172,-0.03777000372353738,0.15710890226206467,-0.07380837766284223,-inf,0.46763286134277054,0.1952344556594381,-1.011067372646953,-1.011067372646953,-1.4709657340732742,-0.43524373869842686,-1.3561859542175063,-1.011067372646953,-1.0051804805291198,-1.6687877551465626,-1.3457215247888756,0.23451184518673002,-1.651475432850285,0.03422544365697339,1.6743958664668082,0.06702304304313374,0.998142759373202,-1.1105383288556743,0.16258931093520923,-0.950085990844267,-0.6652297213414791,-inf,-0.06641101783819273,0.9007258865331578,1.9599619771083128,0.2737877051043364,0.6257850564044444,-0.22117569757875183,0.27001808420930157,-1.2093819119522564,0.17390055427951884,-1.3961230222637822,1.2596667867544182,-0.1983769694747238,-0.6949279449461248,-0.17552259356229627,0.708871870390453,-0.6259154840550001,0.12140716304801787,0.9277077297306902,0.42503874318614787,0.21616283497614538,-0.3382866396980197,-0.20788697288559896,0.3058365445621299,0.810746566741843,-0.43349744390754075,0.15768643574801033,-0.0882648760829478,1.965641529971657
foi1,-0.8215180489227031,-1.094022890650016,0.874002441528754,-0.41015145659527796,-0.8562851525145847,-0.8387168357305328,-0.6562544570802512,-1.2850269501842446,-1.4189242531919926,-0.18283842951938004,8.52377136475441,,,,-0.5400514478813058,2.8322765657188205,0.014178939296712824,2.677846391504147,-0.5400514478813058,2.9837183554590347,-0.5400514478813058,0.4014097203012621,,1.9493640724946246,1.4734131781873896,1.2019644933169196,0.5731495593567727,0.9414863846888691,1.8860162233314253,0.6522233299184235,0.46777136908857014,0.544567768410609,0.10041446992342719,0.5625084245887438,-0.9305275925848491,-0.5224273490732276,1.0962002572495047,0.7911383889850933,0.9615651186464949,0.2963586216681329,0.8460989072645525,-inf,1.4375107021441527,-0.8748345602246376,-0.479465283215488,-0.479465283215488,-0.07705781734025029,-0.15529352782761163,0.3208845904481656,-0.479465283215488,0.5225671147822731,0.09327819783287249,-0.7250089240248684,1.6246527141590725,-0.7312901126811161,0.529037446180175,0.5136962700426133,0.3153383904471177,,-0.4604516367594198,-0.3791731531561642,0.5526201232186598,-0.5868407896878651,-inf,0.65451929161991,0.6801168445543658,-0.16725683234748068,0.18684053252420593,-1.120395280682652,-0.779818190951609,2.361536637971506,0.18684053252420593,1.472218372978995,0.39072979024278454,-1.141795333811044,-0.3187939247916219,-0.7529957168985107,-0.8171398288792038,-2.438064472694053,-0.4820198668239952,0.5691440668372171,0.12162216496954348,0.9494703691490981,-0.7681569508854243,-0.47504478044300263,-1.6409784543051522,-0.2578953584984537,0.040629613039487145,0.26708266703265376,1.8308763099692076,0.7174425635438222,0.9844608185590865
foi2,0.20973873819792202,0.9125711272173656,0.18720997998995373,-0.05423900760179205,0.505393818169963,-0.10777661922986201,0.04805774634641764,-0.5815301422630861,0.21289784557197844,0.5617884354498818,,3.5681425300814538,-0.35997781687796576,0.15495250458289456,,,,,,,,,,-0.4982511151852974,,0.5003556295862573,0.6930747802006878,-0.2728008423001491,0.2037900283608912,-0.2848419779728176,0.8831839061934854,0.20190696799859217,0.07630516425043453,,-0.5439098364504984,0.3076334724021737,0.9081643177712132,0.39589325168875966,0.9225622620810723,-0.27616354442376734,-0.19078218683741996,,-0.016655514531195993,0.8559044536715545,,,-0.00021245954161712256,-0.7094525711943115,1.0518547081709304,,-0.04920928654594966,0.931719214720029,-0.45234369389744233,-0.27616354442376734,0.011328017481067097,-0.056782424201458084,0.18213972195425712,0.060162007880363855,,,1.0389205210964623,-0.6593478028998271,-0.25675723429720043,,-0.2574679335411207,-0.01665551453119655,0.19850905823444936,0.2675759307641502,-0.6851239350499715,-0.018292601524775437,0.13706470430341616,0.2675759307641502,0.18720997998995373,-0.6209848474556257,1.3841260782231009,-0.03496505131305123,0.2759681516118389,0.1590036659888419,0.6206611940220227,-0.6232857340562642,1.521408133041961,0.3562488671816821,0.734228769505915,0.40687445623097124,-0.042367151439423045,0.6462888999351201,1.3806412704402753,-0.5494045068002296,0.2925957049440532,0.5324112608132704,0.2594341756661468,1.9900322289253205
foi3,0.18516591241137642,0.8214190711590347,-0.7029474204007248,-1.0221622004584598,-0.873172775888058,-0.4729003684292518,-0.7696529063324231,0.3554019277860922,-0.999583437280616,0.4186178096503123,,-0.35997781687796576,3.678710023102238,0.8270526547103446,,,,,,,,,,-0.4512251936800203,,-0.8575856188359416,0.26980448914900146,0.7354640707522037,-1.0525911010655051,0.8826695105572611,1.1059407793371898,0.29003964987359115,-0.5788650297877063,,-1.3185566994014368,0.04543464621341426,0.7159175829561824,1.0327672528001652,-0.3669780098273497,0.14622011713272082,0.8954165119271771,,0.44684779482875986,-1.2047353907694922,,,0.6298285570292771,-1.7638850668373443,0.6536424445220228,,1.782223445837861,0.9417917298022299,-0.07571257516273529,0.7282045304089659,1.3972195666714444,1.0666308040541037,1.0666308040541037,0.6191208289091696,,,-1.210136164688655,-1.1379835138897376,-1.3295779310945344,,-0.3184615261745183,0.4106034877508924,0.615903840857093,0.5778757188162935,-0.3241536631788665,0.5689598171095245,0.1607703257616301,0.5778757188162935,-0.7029474204007248,-1.9671356166014267,0.11333937568267521,-0.2728468279517027,-0.4249156726302429,0.041409233192211715,-0.01922097551099529,-0.28894423589473983,1.1524525738562503,0.9910364442204043,0.7042330764785611,0.07759755102523856,-0.0039058483927971615,-0.03341760560353169,-0.5334984615831575,-1.081843553990163,0.05936629636998782,0.42373806299146644,0.8829739844178793,0.5963351069604437
foi4,0.29615861662517107,-0.17860383033117797,-0.837431559763241,0.23544746839638725,-0.7691548219341274,0.30257137337656315,0.5294097726127603,1.4924339450654727,0.9848626882656076,0.2354474683963884,,0.15495250458289456,0.8270526547103446,4.401349821695702,,,,,,,,,,0.5728299309512682,,0.0013624970607742414,0.7741433216933072,-0.7829126967483538,0.19845484289436827,-0.908487625326142,0.48699079124684164,1.2411268683336325,0.382174464028453,,0.5411323444904012,-0.36818699985003733,1.3079932782371793,,-0.006667518189461411,0.7523524059320246,0.1530294423812269,,1.0997556961629689,-0.04252609168481761,,,0.3835586901293611,0.48573592593476667,0.014574381386178524,,0.49152488093346725,1.3232955240835766,0.5576767402398651,0.08134377251571343,1.5689722820985952,0.07629476543225411,-0.6488975000126382,-0.23421919391461982,,,-0.8778509927531273,-0.1389891071063736,-0.8523141069721717,,0.2701627291072125,0.6933714346821443,0.333688138529065,0.05579764365888346,1.9110616657548023,1.316613445429625,0.27770307936744776,0.4121410650933327,-0.837431559763241,0.6304655534990314,-0.9398854002296553,0.05055461544068582,0.27874481786873656,0.11155018327231628,-0.3519498000594498,-0.28295727134957627,-1.129597716219127,0.42266671897569486,-0.47448840068111625,0.6730065915461302,0.5324112608132708,0.013511588108269424,0.6075970255762851,0.5394665856168672,1.6594302810120187,0.24324614433579553,1.413574639286214,-0.39044387587447404
foi5[not_aware],0.5038922453944388,-1.900347503429248,-2.0070203681915215,-1.7043690265018114,-0.008165205172229092,-1.573490834734879,-0.031265158150952745,-0.4462125398525065,1.265780136374067,-0.9739101222056362,-0.5400514478813058,,,,1.4709147201935366,0.0221631283423513,1.175220871290315,0.08182547479341766,1.4709147201935366,-0.036594985133565676,1.4709147201935366,0.9958259790842524,,2.069608936356583,-1.5885904083748805,-0.5632337261765717,-0.13583716476492763,-0.6191757771318114,-0.8392733503099005,0.1091880511241895,0.3249055212245582,-0.31810957776220555,,,-2.5488411834630975,-1.1980515226283923,0.36115921821454944,,0.10631366005179135,-0.25660363061406005,,,0.06497418479067997,1.0119564030162882,1.3211162976065236,1.3211162976065236,-1.517908753955466,-1.5287734658397416,-1.3767240131346345,1.3211162976065236,-0.9324869220900673,-1.6282868609856231,-0.9742956785256673,-1.1631049515806438,-1.53865552095995,-1.0736815575541183,-0.6721401786948499,-0.6302037823165425,,1.3139544742851492,-1.2520969211761308,1.3139544742851492,-1.815452961361447,,-0.6480753295186109,1.203629506268928,-2.3105003394253583,-2.3105003394253583,0.6499730240142876,0.08182547479341766,0.6499730240142876,-0.7706620203907758,1.175220871290315,-0.17970945513357262,-0.19315025295855442,-0.449411290041002,-0.3171190754076508,-0.29450446424068033,0.611338194285806,-0.8024982845089415,0.14983892825978015,-0.24577468538907773,-0.11581004187658533,0.07143586635638789,-0.9838192643713675,-1.6519934223145625,-0.615379152081072,0.0020629673295409815,-1.0255006314023654,0.2060458379761392,0.2060458379761392,-2.3105003394253583
foi5[not_covered],-1.057671453824592,0.22644986189214197,0.35732907482539167,1.1535402416854241,3.408982406960146,0.6703757609679502,-0.23111419179556567,-0.5637212340646771,1.3533627522890606,0.8190520689169359,2.8322765657188205,,,,0.0221631283423513,8.023302659878315,-1.0216225280176265,-1.0994735600403158,0.0221631283423513,0.7694425969888485,0.0221631283423513,-1.2715588787656507,-1.408221418142049,-0.6306220325382681,-0.13278698474781955,-0.027395353285476896,0.8560735641384477,-1.6879170542381772,0.06031751347861205,0.20435744168509593,-0.35095627823163367,-0.8457025091652777,0.2181676780217437,1.0327672528001652,0.8245868497124895,-0.1674502518681829,0.22716676722377233,-0.02076032920039857,3.134881977772981,1.925124768594043,1.2606785306859085,-inf,-0.5203369460482318,-1.5240547644375222,-0.3816000940617649,-0.3816000940617649,-0.21989273391848407,-0.21435832593081838,1.0218887526708504,-0.3816000940617649,-0.32238363831229055,1.0586647684479278,2.29770988432204,1.731507182320536,1.723939711265557,-1.3727620360844408,0.4108107610410253,-1.9464382322997877,1.044408794872596,-0.4087692465971202,1.0002249742311515,-0.4087692465971202,-0.33489675667452934,-inf,-0.6561638824548532,0.36377195836952664,2.1424660247587157,1.335509873123768,0.8734841736057471,0.8141287984629362,-0.6125502657076196,-2.020198855187212,-1.0216225280176265,-0.8972793342899702,1.1297178202877871,0.005464550068303112,0.6817361803044316,-0.8025063116992283,0.25772239416955794,0.721888922648183,-0.6543998211652171,-0.41218007709009036,0.6137189269827296,0.2908115011158181,-0.37111514044259575,0.747817336939818,-1.9638727311938895,1.4394777478637133,1.1251164947440704,-0.32889667551413254,-1.1130284388033647,0.7544516745084533
foi5[too_expensive],-0.3226753522213719,-0.08952264082605116,-1.2923870059598077,-0.9078548018684097,-1.1100352706085537,-0.863572701069093,-0.09383164385807315,-1.012205912819455,-0.7577090266437904,-0.9211724580166801,0.014178939296712824,,,,1.175220871290315,-1.0216225280176265,3.0033950174143325,1.4440278950936163,1.175220871290315,-1.1957521010396195,1.175220871290315,0.591731288051763,,-0.8820466727318053,-1.5885904083748805,-0.29034861605495527,-0.13583716476492763,-0.6191757771318114,-0.9163236499743977,-1.5612351195310454,-1.035224713644915,-1.117861556171797,,,-2.5488411834630975,-1.1980515226283923,0.36115921821454944,,0.10631366005179135,-0.25660363061406005,,,0.06497418479067997,1.0119564030162882,1.3211162976065236,1.3211162976065236,-1.517908753955466,-1.5287734658397416,-1.3767240131346345,1.3211162976065236,-0.9324869220900673,-1.6282868609856231,-0.9742956785256673,-1.1631049515806438,-1.53865552095995,0.6725121266545366,0.6725121266545366,0.4558356796303422,,1.3139544742851492,-1.2520969211761308,1.3139544742851492,,,-0.6480753295186109,-0.792341578384023,0.0626414915365732,0.0626414915365732,0.12346861301814555,-0.8703268057986469,0.12346861301814555,-0.6060196729127498,0.8182397674396412,-0.17970945513357262,-0.19315025295855442,-0.449411290041002,-0.3171190754076508,-0.6093658615132931,-1.1344677722118606,-0.6649720360580924,-0.4069765385698504,-0.3790909730541736,-0.5225305010603795,-0.7704597727933932,-0.17253910694051813,-1.6519934223145625,-0.01870486821707,-0.13402310157712177,-1.0255006314023654,0.2060458379761392,0.2060458379761392,0.11855690539591421
foi5[too_time_consuming],-0.15656596122328068,0.5720695620780317,0.4765341389865346,0.04614662497494772,0.4337148701503992,0.45241057449294425,0.9253801476573453,0.7586942063659641,-0.14606521916265858,0.8962522165787377,2.677846391504147,,,,0.08182547479341766,-1.0994735600403158,1.4440278950936163,7.842577446075002,0.08182547479341766,0.5965397217462697,0.08182547479341766,-1.589884981942627,-1.40822141814205,-0.36796459610355386,-0.07625106465304973,-0.5769096148207844,-0.12880020315346127,0.9750527261963685,0.44498558484876255,1.6193592793513936,0.5852169854274184,0.9819211340965994,1.1469247704901617,,1.3173088948915157,1.8758975323058769,0.4615792380493823,0.7911383889850933,-0.643561398379184,-0.22320684329183701,-0.10478346204310059,,-1.8049545736033075,-0.6088818559519639,0.2766806577116285,0.2766806577116285,-0.39655950976477483,-0.41408324274232033,0.6002333268345488,0.2766806577116285,0.5580617258364615,0.8328249501645186,0.4080225346156328,0.3177204308212364,0.5140704068500447,0.4807771146211633,-0.7988486424867106,-0.13800427923880038,1.044408794872596,0.37113542404687555,0.032338764705565036,0.37113542404687555,1.0871112446610647,,0.8069275800840797,0.05993187350080915,-0.8737741139578493,-0.8737741139578493,0.054457423817640044,0.25565299615531634,0.054457423817640044,-0.8502592251252479,-0.8703268057986469,1.939435638604262,0.5165944899657617,0.8780243192009449,0.8281499044448495,-0.3091534018247465,-1.1344677722118606,-1.1024943490284889,2.05448473198748,1.0341716105406942,-0.5852774801256336,-0.7704597727933932,-0.17253910694051813,1.5432227667910146,0.3530860402644559,0.07090447943221075,-1.0255006314023654,0.2060458379761392,0.2060458379761392,0.39684024592076583
foi5[afraid_of_data_destruction],-0.008165205172238553,0.1431056706921047,-2.0070203681915215,-1.7043690265018114,0.18957046558568344,-1.9289753841479218,-0.6272863522779428,-0.7144342694135309,-0.14490571014999842,-0.4153632692123377,-0.5400514478813058,,,,1.4709147201935366,0.0221631283423513,1.175220871290315,0.08182547479341766,1.4709147201935366,-0.036594985133565676,1.4709147201935366,0.9958259790842524,,-0.8820466727318053,-1.5885904083748805,-0.5632337261765717,-0.13583716476492763,-0.5487040757607117,-0.7584979820439,0.1091880511241895,0.3249055212245582,-1.117861556171797,,,-2.5488411834630975,-1.1980515226283923,1.0655102465189823,,-0.19919935929530902,-0.25660363061406005,,,-0.39215926416058894,1.0119564030162882,1.3211162976065236,1.3211162976065236,-1.517908753955466,-1.5287734658397416,-1.3767240131346345,1.3211162976065236,-0.9324869220900673,1.0218394457898294,-0.9742956785256673,-1.1631049515806438,-1.53865552095995,0.6725121266545366,-0.6721401786948499,,,1.3139544742851492,-1.2520969211761308,1.3139544742851492,-1.815452961361447,,,,-2.3105003394253583,-2.3105003394253583,0.6499730240142876,0.08182547479341766,0.6499730240142876,-0.7706620203907758,1.175220871290315,,,,,,,,,,,,,,,,,,,-2.3105003394253583
foi5[other],0.574192362774471,1.5994676744240368,0.2186356089871209,-0.7268764473529945,2.419714360217108,-0.5963408343146389,0.11005996452999214,-0.900392802667202,-0.4034098681792417,0.8626885604997856,2.9837183554590347,,,,-0.036594985133565676,0.7694425969888485,-1.1957521010396195,0.5965397217462697,-0.036594985133565676,8.190240935020165,-0.036594985133565676,-1.0547505471901026,,1.3963840238479341,1.1359934160719698,-0.19729271007054805,0.03339617562274361,-0.2332554555083094,1.0788279140645853,-0.6525483112674716,0.5856029099043097,0.7140259185169265,-0.34119156848112714,0.5625084245887438,-0.36576041306176926,-0.20618512423949828,1.306196874016011,1.1855705564329067,-0.6929047945847121,-0.542884269718209,0.7968033745858862,,1.0275198860549013,-1.3154555263460503,-0.10662684262294074,-0.10662684262294074,0.16172528643744086,0.13881151390624633,0.6013395039451795,-0.10662684262294074,1.1317654815058182,-0.11246273543209123,-0.3928171045761999,1.8133671566108625,0.42242269467314575,0.878394144204203,0.8173469666603815,0.2836151474061471,1.044408794872596,-0.1272641491675274,0.6739667456844374,-0.1272641491675274,0.055769844149515496,,-1.4806925383961573,0.7247597934382854,-0.9301074123300336,-0.9301074123300336,-0.823815816920017,0.624304339716924,0.27900476439936034,-1.045794012458977,-1.1957521010396195,0.24018869266080445,0.47897754752413285,-0.7677653154066549,-1.55732054294601,-0.12232539779824267,0.7860417055568107,0.45813834079028737,0.42063734884010606,1.506921889215306,1.482569260203853,0.821041569529361,-0.8292080132052724,-0.5687671842161284,0.4376389425435866,-0.347883376836026,1.7622106709778416,1.314367022479348,0.3310608311927528,1.6172470550146705
foi5[dont_know],-0.008165205172238553,-1.900347503429248,-2.0070203681915215,-1.7043690265018114,-0.008165205172229092,-1.573490834734879,-0.031265158150952745,-0.4462125398525065,0.8403727010936307,-0.4153632692123377,-0.5400514478813058,,,,1.4709147201935366,0.0221631283423513,1.175220871290315,0.08182547479341766,1.4709147201935366,-0.036594985133565676,1.4709147201935366,0.9958259790842524,,-0.024113021957209504,-1.5885904083748805,-0.5632337261765717,-0.13583716476492763,-0.6191757771318114,-0.1245437936765025,-1.5612351195310454,0.8916371994033649,-1.117861556171797,1.3178428964217705,0.5625084245887438,-2.5488411834630975,-1.1980515226283923,0.6977231565252748,,0.10631366005179135,-0.25660363061406005,-0.7023833523164648,,0.06497418479067997,1.0119564030162882,1.3211162976065236,1.3211162976065236,-1.517908753955466,-1.5287734658397416,1.021839445789825,1.3211162976065236,-0.9324869220900673,-1.6282868609856231,1.2094365547713737,0.6459503818541031,-1.53865552095995,-1.0736815575541183,1.4783369391571572,0.6317046602516386,,1.3139544742851492,-1.2520969211761308,1.3139544742851492,-1.815452961361447,,-0.6480753295186109,-0.792341578384023,-2.3105003394253583,-2.3105003394253583,0.6499730240142876,0.08182547479341766,0.6499730240142876,-0.7706620203907758,1.175220871290315,-1.4625365170993376,-0.10798924150676271,-0.5468054308957017,-0.16239860994099026,,,-0.6649720360580924,-0.4069765385698504,-0.24577468538907773,,,,,,,,,,-2.3105003394253583
foi5[prefer_not_to_say],1.1627814067817703,-1.9731813817520565,-1.147063714494967,-0.7735940712488935,-0.300856431286223,-0.19046389761311355,-0.5335658703531032,0.04589058191659635,0.1987113851545182,0.5545748923608871,0.4014097203012621,,,,0.9958259790842524,-1.2715588787656507,0.591731288051763,-1.589884981942627,0.9958259790842524,-1.0547505471901026,0.9958259790842524,3.9170511849635004,,-0.2132650466128353,-1.2264397556129711,0.5249956425566088,-0.6732059268094086,-0.24641099122849897,-0.7162933482368514,0.014773618230667114,-1.0487272298838983,-0.2923751225482062,0.033186360516761694,,-1.8184607927536558,-1.1980515226283923,-0.773540285254909,,-0.19919935929530902,-0.14087048793766965,0.7699492674871795,,-0.458383171347054,1.0119564030162882,1.3211162976065236,1.3211162976065236,-1.517908753955466,-1.5287734658397416,-1.3767240131346345,1.3211162976065236,1.4690760074625273,-1.6282868609856231,-0.9742956785256673,-1.1631049515806438,-1.53865552095995,-1.0736815575541183,-0.6721401786948499,-0.6302037823165425,,1.3139544742851492,1.8665834038544138,1.3139544742851492,,,0.37208619277083055,0.1556274332333995,-2.090039260218511,-2.090039260218511,-0.2657684974242809,-1.589884981942627,-0.2657684974242809,-0.31337670909206083,0.591731288051763,-1.4625365170993376,-0.10798924150676271,,,,,-0.6649720360580924,,,,,,-0.10802513435881128,0.35871436965762943,,,,,0.74690361714178
foi5other,-0.2408935237290463,-2.6760645025541367,-1.075091761360865,-0.6680080284688773,0.6666698152216075,-2.4586330159600953,-0.37271467450022266,-0.42920875103142914,-1.6051843495528517,-3.2131215032078475,,,,,,-1.408221418142049,,-1.40822141814205,,,,,-7.570841420900281,1.016664368908702,-0.6847434141307929,1.1393202847566186,-0.5156134644224707,-0.7605348375445693,-0.6581792181347567,-0.44464973979035377,-0.9379343460116235,-0.44464973979035377,0.998142759373202,,-1.119216528754613,-0.6289129024716064,0.2442405324986478,-1.0496968633470647,0.6960159312879266,0.5275572603996912,1.0327672528001652,,-0.7605348375445693,,,,,,-0.6847434141307929,,0.2442405324986478,-0.6847434141307929,-1.119216528754613,,-0.6847434141307929,-1.119216528754613,0.1311619202724314,0.23984685070903286,,-0.6847434141307929,,,,,-0.10304946336221424,0.3857685766406392,1.2328447096712316,1.1539836210668408,-1.40822141814205,0.9889861212873658,,0.9889861212873664,,-0.35168377668271367,-0.7490721755358276,-0.3866848094755799,-1.1262796293866808,-0.6755912696774327,1.0327672528001652,0.27543674937425183,-0.22020531566077686,0.12370549055031203,-0.04074049523674993,0.09115505234640758,0.10557462845154504,-1.1594207986952445,0.12370549055031203,-0.1483766192519446,-0.4103195732188205,1.0822503970190276,0.7939901236638238,0.7204778292823713
